SpawnPlayer 0 0 0 0
Hitbox 370 428 329 111
Hitbox 591 182 135 126
Hitbox 370 428 329 111
Hitbox 591 182 135 126
Hitbox 370 428 329 111
Hitbox 591 182 135 126
Hitbox 370 428 329 111
Hitbox 591 182 135 126
Hitbox 370 428 329 111
Hitbox 591 182 135 126
Hitbox 370 428 329 111
Hitbox 591 182 135 126
Platform 370 427 329 32
Platform 591 181 135 32
Platform 370 427 329 32
Platform 591 181 135 32
Platform 370 427 329 32
Platform 591 181 135 32
Platform 370 427 329 32
Platform 591 181 135 32
Platform 370 427 329 32
Platform 591 181 135 32
Platform 370 427 329 32
Platform 591 181 135 32
