SpawnPlayer 355 494 0 0
Hitbox 1 617 15998 30
Platform 1 616 15998 32
Hitbox 1 617 15998 30
Platform 1 616 15998 32
Hitbox 1 617 15998 30
Hitbox 972 227 39 237
Hitbox 1006 465 245 41
Hitbox 1139 266 322 45
Hitbox 1462 270 394 36
Hitbox 1451 274 31 16
Hitbox 1423 309 50 307
Hitbox 1495 104 285 43
Platform 1 616 15998 32
Platform 972 226 39 32
Platform 1006 464 245 32
Platform 1139 265 322 32
Platform 1462 269 394 32
Platform 1451 273 31 32
Platform 1423 308 50 32
Platform 1495 103 285 32
Hitbox 1 617 15998 30
Hitbox 972 227 39 237
Hitbox 1006 465 245 41
Hitbox 1139 266 322 45
Hitbox 1462 270 394 36
Hitbox 1451 274 31 16
Hitbox 1423 309 50 307
Hitbox 1495 104 285 43
Platform 1 616 15998 32
Platform 972 226 39 32
Platform 1006 464 245 32
Platform 1139 265 322 32
Platform 1462 269 394 32
Platform 1451 273 31 32
Platform 1423 308 50 32
Platform 1495 103 285 32
Hitbox 1 617 15998 30
Hitbox 972 227 39 237
Hitbox 1006 465 245 41
Hitbox 1139 266 322 45
Hitbox 1462 270 394 36
Hitbox 1451 274 31 16
Hitbox 1423 309 50 307
Hitbox 1495 104 285 43
Hitbox 2115 279 464 39
Hitbox 2540 1 40 279
Platform 1 616 15998 32
Platform 972 226 39 32
Platform 1006 464 245 32
Platform 1139 265 322 32
Platform 1462 269 394 32
Platform 1451 273 31 32
Platform 1423 308 50 32
Platform 1495 103 285 32
Platform 2115 278 464 32
Platform 2540 0 40 32
Hitbox 1 617 15998 30
Hitbox 972 227 39 237
Hitbox 1006 465 245 41
Hitbox 1139 266 322 45
Hitbox 1462 270 394 36
Hitbox 1451 274 31 16
Hitbox 1423 309 50 307
Hitbox 1495 104 285 43
Hitbox 2115 279 464 39
Hitbox 2540 1 40 279
Hitbox 3171 470 41 147
Hitbox 4289 467 40 148
Hitbox 5062 462 48 155
Hitbox 5110 462 133 39
Hitbox 5213 349 30 152
Hitbox 5213 349 326 43
Hitbox 5504 392 37 223
Platform 1 616 15998 32
Platform 972 226 39 32
Platform 1006 464 245 32
Platform 1139 265 322 32
Platform 1462 269 394 32
Platform 1451 273 31 32
Platform 1423 308 50 32
Platform 1495 103 285 32
Platform 2115 278 464 32
Platform 2540 0 40 32
Platform 3171 469 41 32
Platform 4289 466 40 32
Platform 5062 461 48 32
Platform 5110 461 133 32
Platform 5213 348 30 32
Platform 5213 348 326 32
Platform 5504 391 37 32
Hitbox 1 617 15998 30
Hitbox 972 227 39 237
Hitbox 1006 465 245 41
Hitbox 1139 266 322 45
Hitbox 1462 270 394 36
Hitbox 1451 274 31 16
Hitbox 1423 309 50 307
Hitbox 1495 104 285 43
Hitbox 2115 279 464 39
Hitbox 2540 1 40 279
Hitbox 3171 470 41 147
Hitbox 4289 467 40 148
Hitbox 5062 462 48 155
Hitbox 5110 462 133 39
Hitbox 5213 349 30 152
Hitbox 5213 349 326 43
Hitbox 5504 392 37 223
Hitbox 6128 449 41 166
Hitbox 6169 449 116 45
Hitbox 6249 312 37 136
Hitbox 6249 312 191 41
Hitbox 6400 176 40 135
Hitbox 6441 178 587 38
Hitbox 7253 476 44 140
Hitbox 7297 478 243 47
Hitbox 7501 525 39 88
Hitbox 8351 1 32 466
Hitbox 8382 432 500 35
Hitbox 9785 498 36 118
Hitbox 9821 498 102 38
Hitbox 9884 390 40 145
Hitbox 9924 390 128 40
Hitbox 10011 433 44 102
Hitbox 10055 500 1370 45
Hitbox 11380 402 45 100
Hitbox 11427 402 137 44
Hitbox 11508 446 55 193
Hitbox 15281 9 49 460
Platform 1 616 15998 32
Platform 972 226 39 32
Platform 1006 464 245 32
Platform 1139 265 322 32
Platform 1462 269 394 32
Platform 1451 273 31 32
Platform 1423 308 50 32
Platform 1495 103 285 32
Platform 2115 278 464 32
Platform 2540 0 40 32
Platform 3171 469 41 32
Platform 4289 466 40 32
Platform 5062 461 48 32
Platform 5110 461 133 32
Platform 5213 348 30 32
Platform 5213 348 326 32
Platform 5504 391 37 32
Platform 6128 448 41 32
Platform 6169 448 116 32
Platform 6249 311 37 32
Platform 6249 311 191 32
Platform 6400 175 40 32
Platform 6441 177 587 32
Platform 7253 475 44 32
Platform 7297 477 243 32
Platform 7501 524 39 32
Platform 8351 0 32 32
Platform 8382 431 500 32
Platform 9785 497 36 32
Platform 9821 497 102 32
Platform 9884 389 40 32
Platform 9924 389 128 32
Platform 10011 432 44 32
Platform 10055 499 1370 32
Platform 11380 401 45 32
Platform 11427 401 137 32
Platform 11508 445 55 32
Platform 15281 8 49 32
KillTrigger 15594 320 292 292
Hitbox 1 617 15998 30
Hitbox 972 227 39 237
Hitbox 1006 465 245 41
Hitbox 1139 266 322 45
Hitbox 1462 270 394 36
Hitbox 1451 274 31 16
Hitbox 1423 309 50 307
Hitbox 1495 104 285 43
Hitbox 2115 279 464 39
Hitbox 2540 1 40 279
Hitbox 3171 470 41 147
Hitbox 4289 467 40 148
Hitbox 5062 462 48 155
Hitbox 5110 462 133 39
Hitbox 5213 349 30 152
Hitbox 5213 349 326 43
Hitbox 5504 392 37 223
Hitbox 6128 449 41 166
Hitbox 6169 449 116 45
Hitbox 6249 312 37 136
Hitbox 6249 312 191 41
Hitbox 6400 176 40 135
Hitbox 6441 178 587 38
Hitbox 7253 476 44 140
Hitbox 7297 478 243 47
Hitbox 7501 525 39 88
Hitbox 8351 1 32 466
Hitbox 8382 432 500 35
Hitbox 9785 498 36 118
Hitbox 9821 498 102 38
Hitbox 9884 390 40 145
Hitbox 9924 390 128 40
Hitbox 10011 433 44 102
Hitbox 10055 500 1370 45
Hitbox 11380 402 45 100
Hitbox 11427 402 137 44
Hitbox 11508 446 55 193
Hitbox 15281 9 49 460
Platform 1 616 15998 32
Platform 972 226 39 32
Platform 1006 464 245 32
Platform 1139 265 322 32
Platform 1462 269 394 32
Platform 1451 273 31 32
Platform 1423 308 50 32
Platform 1495 103 285 32
Platform 2115 278 464 32
Platform 2540 0 40 32
Platform 3171 469 41 32
Platform 4289 466 40 32
Platform 5062 461 48 32
Platform 5110 461 133 32
Platform 5213 348 30 32
Platform 5213 348 326 32
Platform 5504 391 37 32
Platform 6128 448 41 32
Platform 6169 448 116 32
Platform 6249 311 37 32
Platform 6249 311 191 32
Platform 6400 175 40 32
Platform 6441 177 587 32
Platform 7253 475 44 32
Platform 7297 477 243 32
Platform 7501 524 39 32
Platform 8351 0 32 32
Platform 8382 431 500 32
Platform 9785 497 36 32
Platform 9821 497 102 32
Platform 9884 389 40 32
Platform 9924 389 128 32
Platform 10011 432 44 32
Platform 10055 499 1370 32
Platform 11380 401 45 32
Platform 11427 401 137 32
Platform 11508 445 55 32
Platform 15281 8 49 32
KillTrigger 15594 320 292 292
SpawnGoblin 645 465 0 0
SpawnGoblin 802 468 0 0
Dawn 1061 345 0 0
SpawnGoblin 1290 479 0 0
SpawnGoblin 1353 129 0 0
SpawnGoblin 1540 488 0 0
SpawnGoblin 1711 494 0 0
Dawn 2417 145 0 0
SpawnGoblin 3481 483 0 0
SpawnGoblin 3670 487 0 0
SpawnGoblin 4174 492 0 0
SpawnGoblin 5084 319 0 0
SpawnGoblin 5339 204 0 0
Dawn 6326 497 0 0
SpawnGoblin 6786 492 0 0
SpawnGoblin 6549 58 0 0
SpawnGoblin 6768 67 0 0
Dawn 8464 299 0 0
SpawnGoblin 8673 309 0 0
SpawnGoblin 10249 361 0 0
SpawnGoblin 10531 357 0 0
SpawnGoblin 10714 373 0 0
SpawnGoblin 10925 364 0 0
SpawnGoblin 11138 371 0 0
Hitbox 1 617 15998 30
Hitbox 972 227 39 237
Hitbox 1006 465 245 41
Hitbox 1139 266 322 45
Hitbox 1462 270 394 36
Hitbox 1451 274 31 16
Hitbox 1423 309 50 307
Hitbox 1495 104 285 43
Hitbox 2115 279 464 39
Hitbox 2540 1 40 279
Hitbox 3171 470 41 147
Hitbox 4289 467 40 148
Hitbox 5062 462 48 155
Hitbox 5110 462 133 39
Hitbox 5213 349 30 152
Hitbox 5213 349 326 43
Hitbox 5504 392 37 223
Hitbox 6128 449 41 166
Hitbox 6169 449 116 45
Hitbox 6249 312 37 136
Hitbox 6249 312 191 41
Hitbox 6400 176 40 135
Hitbox 6441 178 587 38
Hitbox 7253 476 44 140
Hitbox 7297 478 243 47
Hitbox 7501 525 39 88
Hitbox 8351 1 32 466
Hitbox 8382 432 500 35
Hitbox 9785 498 36 118
Hitbox 9821 498 102 38
Hitbox 9884 390 40 145
Hitbox 9924 390 128 40
Hitbox 10011 433 44 102
Hitbox 10055 500 1370 45
Hitbox 11380 402 45 100
Hitbox 11427 402 137 44
Hitbox 11508 446 55 193
Hitbox 15281 9 49 460
Platform 1 616 15998 32
Platform 972 226 39 32
Platform 1006 464 245 32
Platform 1139 265 322 32
Platform 1462 269 394 32
Platform 1451 273 31 32
Platform 1423 308 50 32
Platform 1495 103 285 32
Platform 2115 278 464 32
Platform 2540 0 40 32
Platform 3171 469 41 32
Platform 4289 466 40 32
Platform 5062 461 48 32
Platform 5110 461 133 32
Platform 5213 348 30 32
Platform 5213 348 326 32
Platform 5504 391 37 32
Platform 6128 448 41 32
Platform 6169 448 116 32
Platform 6249 311 37 32
Platform 6249 311 191 32
Platform 6400 175 40 32
Platform 6441 177 587 32
Platform 7253 475 44 32
Platform 7297 477 243 32
Platform 7501 524 39 32
Platform 8351 0 32 32
Platform 8382 431 500 32
Platform 9785 497 36 32
Platform 9821 497 102 32
Platform 9884 389 40 32
Platform 9924 389 128 32
Platform 10011 432 44 32
Platform 10055 499 1370 32
Platform 11380 401 45 32
Platform 11427 401 137 32
Platform 11508 445 55 32
Platform 15281 8 49 32
KillTrigger 15594 320 292 292
KillTrigger 12291 143 59 471
SpawnGoblin 645 465 0 0
SpawnGoblin 802 468 0 0
SpawnGoblin 1290 479 0 0
SpawnGoblin 1353 129 0 0
SpawnGoblin 1540 488 0 0
SpawnGoblin 1711 494 0 0
SpawnGoblin 3481 483 0 0
SpawnGoblin 3670 487 0 0
SpawnGoblin 4174 492 0 0
SpawnGoblin 5084 319 0 0
SpawnGoblin 5339 204 0 0
SpawnGoblin 6786 492 0 0
SpawnGoblin 6549 58 0 0
SpawnGoblin 6768 67 0 0
Dawn 8464 299 0 0
SpawnGoblin 8673 309 0 0
SpawnGoblin 10249 361 0 0
SpawnGoblin 10531 357 0 0
SpawnGoblin 10714 373 0 0
SpawnGoblin 10925 364 0 0
SpawnGoblin 11138 371 0 0
Hitbox 1 617 15998 30
Hitbox 972 227 39 237
Hitbox 1006 465 245 41
Hitbox 1139 266 322 45
Hitbox 1462 270 394 36
Hitbox 1451 274 31 16
Hitbox 1423 309 50 307
Hitbox 1495 104 285 43
Hitbox 2115 279 464 39
Hitbox 2540 1 40 279
Hitbox 3171 470 41 147
Hitbox 4289 467 40 148
Hitbox 5062 462 48 155
Hitbox 5110 462 133 39
Hitbox 5213 349 30 152
Hitbox 5213 349 326 43
Hitbox 5504 392 37 223
Hitbox 6128 449 41 166
Hitbox 6169 449 116 45
Hitbox 6249 312 37 136
Hitbox 6249 312 191 41
Hitbox 6400 176 40 135
Hitbox 6441 178 587 38
Hitbox 7253 476 44 140
Hitbox 7297 478 243 47
Hitbox 7501 525 39 88
Hitbox 8351 1 32 466
Hitbox 8382 432 500 35
Hitbox 9785 498 36 118
Hitbox 9821 498 102 38
Hitbox 9884 390 40 145
Hitbox 9924 390 128 40
Hitbox 10011 433 44 102
Hitbox 10055 500 1370 45
Hitbox 11380 402 45 100
Hitbox 11427 402 137 44
Hitbox 11508 446 55 193
Hitbox 15281 9 49 460
Platform 1 616 15998 32
Platform 972 226 39 32
Platform 1006 464 245 32
Platform 1139 265 322 32
Platform 1462 269 394 32
Platform 1451 273 31 32
Platform 1423 308 50 32
Platform 1495 103 285 32
Platform 2115 278 464 32
Platform 2540 0 40 32
Platform 3171 469 41 32
Platform 4289 466 40 32
Platform 5062 461 48 32
Platform 5110 461 133 32
Platform 5213 348 30 32
Platform 5213 348 326 32
Platform 5504 391 37 32
Platform 6128 448 41 32
Platform 6169 448 116 32
Platform 6249 311 37 32
Platform 6249 311 191 32
Platform 6400 175 40 32
Platform 6441 177 587 32
Platform 7253 475 44 32
Platform 7297 477 243 32
Platform 7501 524 39 32
Platform 8351 0 32 32
Platform 8382 431 500 32
Platform 9785 497 36 32
Platform 9821 497 102 32
Platform 9884 389 40 32
Platform 9924 389 128 32
Platform 10011 432 44 32
Platform 10055 499 1370 32
Platform 11380 401 45 32
Platform 11427 401 137 32
Platform 11508 445 55 32
Platform 15281 8 49 32
KillTrigger 15594 320 292 292
KillTrigger 12291 143 59 471
