SpawnPlayer 226 459 0 0
Hitbox -128 4 128 643
Hitbox -3 596 2121 51
Hitbox 1819 553 279 41
Hitbox 1964 531 191 45
Hitbox 2060 510 95 22
Hitbox 1940 12 182 237
Hitbox 2089 184 137 111
Hitbox 2167 187 329 459
Hitbox 2484 581 619 66
Platform -128 3 128 32
Platform -3 595 2121 32
Platform 1819 552 279 32
Platform 1964 530 191 32
Platform 2060 509 95 32
Platform 1286 507 207 32
Platform 1567 339 113 32
Platform 1573 410 215 32
Platform 1571 425 212 32
Platform 1423 387 76 32
Platform 1355 307 144 32
Platform 1557 242 113 32
Platform 1940 11 182 32
Platform 2089 183 137 32
Platform 2167 186 329 32
Platform 2484 580 619 32
KillTrigger 1931 4 231 401
KillTrigger 1821 184 133 69
KillTrigger 2078 168 473 475
